271224231
53117313
634763821
694851561
1055102528
928543
565293730
1838289606
1738277804
1793371704
2070056607
1982179642
16264024
2599238155
2520065476
2864681311
3321163796
3381661310
32068754
3875046576
4511008381
237470301
4374555323
3305557258
9331
4867536843
5156070188
4941110896
1778747432
5021375240
5619557006
6087936854
5464732065
1399980674
6857489066
6906351555
6529087209
7468306350
7225540260
7869070770
7375285558
13523353
7705286059
5708199164
5284587
8925758292
7879812993
9895438526
8913795590
8281385631
6172932375
10013277961
9215697265
9488947838
10277222916
156801764
10314635465
9999325988
11423159237
868493359
10245982350
10267998513
11420642087
10617133911
9630289492
10704376815
10698081350
3379040638
129080882
8551235563
1504842738
13532135370
11133878209
13054656134
15129210879
12590097687
14434432891
1237226420
14798911525
12892960496
13538393681
11958090321
747221749
15999074050
11673911
14679393062
15964518688
15203195985
7070358847
16611084725
15854909519
15783616905
15126392170
7049954564
16100307806
17298237614
18218542376
16569800302
923438735
15491425140
19507547534
414453547
12336662740
16055187464
16816641416
18188210340
20198678928
18489348584
6052601554
19719826158
19223279509
17156020045
10057757313
18977272651
17854204120
19273533194
22237582484
20980446763
10557900764
21018896942
22359955035
21462290871
20067574414
8028214175
21205877021
3899914829
19825940602
20982305000
20382377788
20211223689
24168055438
13293991472
21158945921
23797198079
20291240335
16604742790
24918120745
7787484317
22600836598
22720136426
25635850475
17298392810
21846643620
26977140914
22923999255
25868876776
23235983534
12217246039
25653523004
1061677570
24731893408
27708217247
25479454316
25745854527
28786426941
26525643227
29818865310
1179876830
30109157083
26302156975
1343975933
25975529052
4999782096
27625454095
29538565756
25840581438
30479624743
31961720831
32480859175
32999800701
30305545153
27427075325
27990894094
15277401771
34057444721
13847225673
32274978401
3733526138
30787245686
30317212780
28467962452
33297493637
29995763190
35646948097
35119154241
35564176159
34609270698
32418364022
13946724648
36650095388
953717833
33956139381
270845847
36421701078
5016099364
29539059188
38798506218
31306519716
33185616962
11611703017
36308747829
34354025873
3362978677
39849340343
7298341409
1154017627
12161120876
37911021045
2671300262
16814739093
35392237257
34980109875
39773329555
9643159932
40576197009
36332308778
19039509014
39463993305
6902591161
2584721
35451294806
38802424128
2169965263
41836604627
35474062951
37744150288
41510403619
2053780539
20267241363
34365314510
37469876035
5369483203
69184781
43479809522
43055746146
40358484778
40502178597
813431524
922095871
42486140771
304471890
38204136251
44316487508
42051627939
40754612750
40147721101
321907701
40946735620
36505337100
43098227016
42850268346
43102477352
46383610228
5458746441
22489863257
47120242468
46031289687
4237639387
45462271694
40321462155
43007925318
37358766293
44011253186
47548353234
192017834
30959467545
47431023933
34657340181
46831152799
42786650336
41989286676
48581516360
41936263831
50036962118
40864909557
45685596227
21981743029
43309691158
3098451004
27808624773
41313191751
44615158936
10253199325
45127231501
42573096649
46333908307
46337368834
144367394
42750057723
50943726586
42665950736
47446655490
51395299148
47627503539
54082331532
45706233988
47504216555
1062898859
29406504069
18051451
44968069928
48472696512
50265614993
53874537540
47884989040
54580586236
53597512025
51531968175
53052990602
1839014634
40608138794
52118616101
12662702008
54584665536
6141532069
46389984725
55017139442
49870676520
50037179181
48898677751
57716903873
55709966215
50497236825
49949145867
49466659815
982010365
24664874658
48941687919
41938816867
53774202856
55009523095
56379339922
60308711105
59998389518
53595833019
45426124130
54168426134
40726738549
5491028812
57589204703
3085918769
53509933759
18243164714
31168307466
55125561414
36094865065
54330931310
27213947
56024980391
7461537850
59963954196
52927631914
59641670104
703714356
59950976413
1287593665
62138888658
20127928821
23853247289
58374625442
53615886471
23278878519
56877696393
66128905334
4685775789
66445780860
60407068321
27501603513
4099885757
56548591275
63817108795
55829687245
62683457251
60548328369
59612600209
67225680830
56812055980
65759461218
65912684456
63824883973
69122067289
68649500453
64153213553
64869415792
64701268217
42623441306
64873803077
64235950361
52965730388
59527933574
28166881040
58769113740
59035110634
65305170699
57945171049
71861321608
33276098003
65714214743
65715147755
65258012582
73243532686
67221424002
61569675088
65262620764
73343601419
72853053470
65980040135
65149051457
65509105076
62306836406
71443382903
43867225157
60154623831
64612369976
75345195948
65346885884
69214300539
129754501
67949328778
66691506437
69244498271
72595037644
61538818303
61545034403
12011242881
62312725391
77877494461
64793009962
75400548502
74378659321
69031132133
23772105021
73595625006
3958152674
78643722676
76728827198
69789513182
76432152672
71303797591
76736928066
72902836599
72845065886
65131015962
74552411138
65067532936
69488555870
68806168036
65363244179
76337735370
65815755181
149190043
77870875020
73036733732
77636588902
80133622227
75615673534
50127414909
82184520375
79922833773
80111444910
74614871864
75388803315
90924561
70550111305
24818346039
73927074076
74699021457
84736492462
84362688622
70715521314
938787400
81621078030
81997773454
82226500722
78605844916
77425887072
74002401685
71187421704
75226097697
73283565556
32775414033
87002034570
81798023942
82868360300
79468710274
89244770713
75785178992
81359672641
86156243694
88504105605
71519536424
34748418460
72001816699
85870004650
75854348549
78668976911
75702465521
84452011464
82050967140
1556904
