271224231
53117313
634763821
694851561
1055102528
928543
565293730
1838289606
1738277804
1793371704
2070056607
1982179642
16264024
2599238155
2520065476
2864681311
3321163796
3381661310
32068754
3875046576
4511008381
237470301
4374555323
3305557258
9331
4867536843
5156070188
4941110896
1778747432
5021375240
5619557006
6087936854
5464732065
1399980674
6857489066
6906351555
6529087209
7468306350
7225540260
7869070770
7375285558
13523353
7705286059
5708199164
5284587
8925758292
7879812993
9895438526
8913795590
8281385631
6172932375
10013277961
9215697265
9488947838
10277222916
156801764
10314635465
9999325988
11423159237
868493359
10245982350
10267998513
11420642087
10617133911
9630289492
10704376815
10698081350
3379040638
129080882
8551235563
1504842738
13532135370
11133878209
13054656134
15129210879
12590097687
14434432891
1237226420
14798911525
12892960496
13538392957
11958090321
747221749
15999073399
11673911
14679393062
15964518688
15203195985
7070358847
16611084725
15854909519
15783616905
15126392170
7049954564
16100307806
17298237614
18218542376
16569800302
923438735
15491425140
19507547534
414453547
12336662740
16055186773
16816641416
18188210340
20198678928
18489348584
6052601554
19719826158
19223279509
17156020045
10057757313
18977272651
17854204120
19273533194
22237582484
20980446763
10557900764
21018896942
22359955035
21462290871
20067574414
8028214175
21205877021
3899914829
19825940602
20982305000
20382377788
20211223689
24168055438
13293991472
21158945921
23797198079
20291239644
16604742790
24918120745
7787484317
22600836598
22720136426
25635850475
17298392810
21846643620
26977140914
22923999255
25868876776
23235983534
12217246039
25653523004
1061677570
24731893408
27708217247
25479454316
25745854527
28786426941
26525643227
29818865310
1179876830
30109157083
26302156975
1343975933
25975529052
4999782096
27625454095
29538565756
25840581438
30479624743
31961720626
32480858179
32999800050
30305545153
27427075325
27990894094
15277401771
34057444721
13847225673
32274978401
3733526138
30787245686
30317212780
28467962452
33297493637
29995763190
35646948097
35119154241
35564176159
34609270698
32418364022
13946724648
36650095388
953717833
33956139381
270845847
36421701078
5016099364
29539059188
38798506218
31306519716
33185616962
11611703017
36308747829
34354025873
3362978677
39849340343
7298341409
1154017627
12161120876
37911021045
2671300262
16814739093
35392237257
34980109875
39773329555
9643159932
40576197009
36332308778
19039509014
39463993305
6902591161
2584721
35451294806
38802424128
2169965263
41836603976
35474062951
37744150288
41510403619
2053780539
20267241363
34365314510
37469876035
5369483139
69183380
43479809522
43055746146
40358484778
40502178597
813431524
922095871
42486140771
304471890
38204136251
44316486512
42051627939
40754612750
40147721101
321907701
40946735620
36505336409
43098227016
42850268346
43102477352
46383610228
5458746441
22489863257
47120242468
46031289687
4237639387
45462271694
40321462155
43007925318
37358766213
44011253186
47548352238
192017635
30959467545
47431023933
34657340181
46831152799
42786650336
41989286676
48581516360
41936263831
50036962118
40864909557
45685596227
21981743029
43309691158
3098451004
27808624773
41313191751
44615158936
10253199325
45127231501
42573096649
46333908307
46337368834
144365269
42750057723
50943726381
42665950736
47446655490
51395299148
47627503539
54082331532
45706233988
47504216555
1062898859
29406504069
18050713
44968069928
48472696512
50265614993
53874537335
47884989040
54580586236
53597511168
51531968175
53052990602
1839014634
40608138794
52118616101
12662702008
54584665536
6141532069
46389984725
55017139442
49870676520
50037178502
19207129135
23168359096
22392246768
20193043012
20054077944
19842796718
328791346
9391275102
19722314421
16673743485
21946065441
22617946331
23419375882
25467313151
25376747529
22465037451
18960232564
22968244613
16877946091
2074977748
24700559628
1151392805
23000133344
7315166233
12948771524
23925379893
15240624938
23752440528
10080791
24755335200
2963870258
26789568942
23506362120
26753025029
263787632
27204737511
500246957
28461481371
8617650859
10323069455
26826353298
24530724651
10111739122
26230438388
30993415587
1962339299
31457491886
28438534255
12324948845
1731255245
26653523352
30427606399
26475793669
30150247627
29069828634
28689498152
32677136053
27458162404
32154145754
32235277169
31220741525
34060217216
33954683525
31620003929
32194263780
32168058593
20793360531
32482226313
32197102569
26371812949
30039209974
13660181563
29683951920
29882881701
33266322907
29327312813
37019923654
16409317377
33745680677
33746613689
33499957482
37886655322
34617281554
31538541220
33644498236
38134393916
37938248759
34221985035
33948869936
34169918686
32547525238
37621559137
22499147148
31403636608
33896266079
39988318584
34423783827
36751945952
59013752
36121191363
35560710869
37064790444
39133675278
32987407843
32993623943
6042326689
33628341318
42594490721
35169146865
41433999077
40845358921
37761486942
12387878284
40564264694
1989151637
43581872603
42471898082
38519867991
42393124071
39405500626
42697899465
40511259835
40594812496
36179755280
41806172236
36249865323
38841297865
38501974223
36545576566
43091721658
36931329796
72885259
44265559556
41488461588
44247086506
45876693111
43224096770
28122808061
47269715664
45956284348
46144895485
42996749336
43490506350
46223022
40587048356
13725528233
42726892555
43290217297
49453488722
49300838549
41091658217
490863039
47943670743
48320366167
48549093435
46426137089
45807764544
43766589341
42169248844
44716297282
43524254388
18923518483
52233965527
48980620794
49693975046
47570413309
53813941399
45480985179
49109419251
52189694269
53736036562
43100789912
20430351000
43450406239
52192597363
45959280626
47814952108
46010916905
51634608316
50222829725
987427
