720
6 180
0 1 2 3 4 5 
6 109
0 1 2 3 5 4 
6 1
0 1 2 4 3 5 
6 193
0 1 2 4 5 3 
6 175
0 1 2 5 3 4 
6 128
0 1 2 5 4 3 
6 42
0 1 3 2 4 5 
6 45
0 1 3 2 5 4 
6 21
0 1 3 4 2 5 
6 144
0 1 3 4 5 2 
6 133
0 1 3 5 2 4 
6 32
0 1 3 5 4 2 
6 77
0 1 4 2 3 5 
6 43
0 1 4 2 5 3 
6 188
0 1 4 3 2 5 
6 194
0 1 4 3 5 2 
6 196
0 1 4 5 2 3 
6 70
0 1 4 5 3 2 
6 58
0 1 5 2 3 4 
6 71
0 1 5 2 4 3 
6 24
0 1 5 3 2 4 
6 149
0 1 5 3 4 2 
6 29
0 1 5 4 2 3 
6 146
0 1 5 4 3 2 
6 176
0 2 1 3 4 5 
6 0
0 2 1 3 5 4 
6 107
0 2 1 4 3 5 
6 147
0 2 1 4 5 3 
6 153
0 2 1 5 3 4 
6 99
0 2 1 5 4 3 
6 216
0 2 3 1 4 5 
6 108
0 2 3 1 5 4 
6 200
0 2 3 4 1 5 
6 209
0 2 3 4 5 1 
6 67
0 2 3 5 1 4 
6 149
0 2 3 5 4 1 
6 112
0 2 4 1 3 5 
6 101
0 2 4 1 5 3 
6 194
0 2 4 3 1 5 
6 125
0 2 4 3 5 1 
6 19
0 2 4 5 1 3 
6 93
0 2 4 5 3 1 
6 157
0 2 5 1 3 4 
6 88
0 2 5 1 4 3 
6 129
0 2 5 3 1 4 
6 112
0 2 5 3 4 1 
6 56
0 2 5 4 1 3 
6 91
0 2 5 4 3 1 
6 182
0 3 1 2 4 5 
6 107
0 3 1 2 5 4 
6 162
0 3 1 4 2 5 
6 199
0 3 1 4 5 2 
6 30
0 3 1 5 2 4 
6 192
0 3 1 5 4 2 
6 119
0 3 2 1 4 5 
6 198
0 3 2 1 5 4 
6 184
0 3 2 4 1 5 
6 0
0 3 2 4 5 1 
6 111
0 3 2 5 1 4 
6 111
0 3 2 5 4 1 
6 99
0 3 4 1 2 5 
6 102
0 3 4 1 5 2 
6 219
0 3 4 2 1 5 
6 66
0 3 4 2 5 1 
6 77
0 3 4 5 1 2 
6 52
0 3 4 5 2 1 
6 215
0 3 5 1 2 4 
6 181
0 3 5 1 4 2 
6 153
0 3 5 2 1 4 
6 176
0 3 5 2 4 1 
6 73
0 3 5 4 1 2 
6 164
0 3 5 4 2 1 
6 43
0 4 1 2 3 5 
6 4
0 4 1 2 5 3 
6 27
0 4 1 3 2 5 
6 164
0 4 1 3 5 2 
6 108
0 4 1 5 2 3 
6 75
0 4 1 5 3 2 
6 30
0 4 2 1 3 5 
6 57
0 4 2 1 5 3 
6 174
0 4 2 3 1 5 
6 192
0 4 2 3 5 1 
6 30
0 4 2 5 1 3 
6 204
0 4 2 5 3 1 
6 150
0 4 3 1 2 5 
6 141
0 4 3 1 5 2 
6 177
0 4 3 2 1 5 
6 108
0 4 3 2 5 1 
6 141
0 4 3 5 1 2 
6 62
0 4 3 5 2 1 
6 220
0 4 5 1 2 3 
6 6
0 4 5 1 3 2 
6 156
0 4 5 2 1 3 
6 205
0 4 5 2 3 1 
6 72
0 4 5 3 1 2 
6 0
0 4 5 3 2 1 
6 32
0 5 1 2 3 4 
6 54
0 5 1 2 4 3 
6 181
0 5 1 3 2 4 
6 177
0 5 1 3 4 2 
6 222
0 5 1 4 2 3 
6 28
0 5 1 4 3 2 
6 116
0 5 2 1 3 4 
6 31
0 5 2 1 4 3 
6 25
0 5 2 3 1 4 
6 135
0 5 2 3 4 1 
6 196
0 5 2 4 1 3 
6 125
0 5 2 4 3 1 
6 202
0 5 3 1 2 4 
6 0
0 5 3 1 4 2 
6 174
0 5 3 2 1 4 
6 151
0 5 3 2 4 1 
6 184
0 5 3 4 1 2 
6 196
0 5 3 4 2 1 
6 121
0 5 4 1 2 3 
6 109
0 5 4 1 3 2 
6 111
0 5 4 2 1 3 
6 64
0 5 4 2 3 1 
6 217
0 5 4 3 1 2 
6 18
0 5 4 3 2 1 
6 119
1 0 2 3 4 5 
6 203
1 0 2 3 5 4 
6 25
1 0 2 4 3 5 
6 49
1 0 2 4 5 3 
6 183
1 0 2 5 3 4 
6 89
1 0 2 5 4 3 
6 41
1 0 3 2 4 5 
6 207
1 0 3 2 5 4 
6 135
1 0 3 4 2 5 
6 215
1 0 3 4 5 2 
6 150
1 0 3 5 2 4 
6 131
1 0 3 5 4 2 
6 9
1 0 4 2 3 5 
6 32
1 0 4 2 5 3 
6 163
1 0 4 3 2 5 
6 26
1 0 4 3 5 2 
6 167
1 0 4 5 2 3 
6 125
1 0 4 5 3 2 
6 152
1 0 5 2 3 4 
6 136
1 0 5 2 4 3 
6 125
1 0 5 3 2 4 
6 92
1 0 5 3 4 2 
6 61
1 0 5 4 2 3 
6 75
1 0 5 4 3 2 
6 63
1 2 0 3 4 5 
6 182
1 2 0 3 5 4 
6 184
1 2 0 4 3 5 
6 174
1 2 0 4 5 3 
6 21
1 2 0 5 3 4 
6 168
1 2 0 5 4 3 
6 193
1 2 3 0 4 5 
6 132
1 2 3 0 5 4 
6 137
1 2 3 4 0 5 
6 210
1 2 3 4 5 0 
6 173
1 2 3 5 0 4 
6 86
1 2 3 5 4 0 
6 65
1 2 4 0 3 5 
6 215
1 2 4 0 5 3 
6 67
1 2 4 3 0 5 
6 201
1 2 4 3 5 0 
6 204
1 2 4 5 0 3 
6 210
1 2 4 5 3 0 
6 98
1 2 5 0 3 4 
6 213
1 2 5 0 4 3 
6 16
1 2 5 3 0 4 
6 35
1 2 5 3 4 0 
6 6
1 2 5 4 0 3 
6 184
1 2 5 4 3 0 
6 152
1 3 0 2 4 5 
6 158
1 3 0 2 5 4 
6 86
1 3 0 4 2 5 
6 43
1 3 0 4 5 2 
6 24
1 3 0 5 2 4 
6 147
1 3 0 5 4 2 
6 119
1 3 2 0 4 5 
6 79
1 3 2 0 5 4 
6 95
1 3 2 4 0 5 
6 77
1 3 2 4 5 0 
6 28
1 3 2 5 0 4 
6 108
1 3 2 5 4 0 
6 11
1 3 4 0 2 5 
6 213
1 3 4 0 5 2 
6 14
1 3 4 2 0 5 
6 149
1 3 4 2 5 0 
6 189
1 3 4 5 0 2 
6 188
1 3 4 5 2 0 
6 9
1 3 5 0 2 4 
6 28
1 3 5 0 4 2 
6 177
1 3 5 2 0 4 
6 69
1 3 5 2 4 0 
6 3
1 3 5 4 0 2 
6 147
1 3 5 4 2 0 
6 53
1 4 0 2 3 5 
6 94
1 4 0 2 5 3 
6 126
1 4 0 3 2 5 
6 69
1 4 0 3 5 2 
6 129
1 4 0 5 2 3 
6 132
1 4 0 5 3 2 
6 19
1 4 2 0 3 5 
6 56
1 4 2 0 5 3 
6 56
1 4 2 3 0 5 
6 105
1 4 2 3 5 0 
6 99
1 4 2 5 0 3 
6 73
1 4 2 5 3 0 
6 18
1 4 3 0 2 5 
6 210
1 4 3 0 5 2 
6 152
1 4 3 2 0 5 
6 114
1 4 3 2 5 0 
6 54
1 4 3 5 0 2 
6 172
1 4 3 5 2 0 
6 214
1 4 5 0 2 3 
6 65
1 4 5 0 3 2 
6 151
1 4 5 2 0 3 
6 3
1 4 5 2 3 0 
6 206
1 4 5 3 0 2 
6 114
1 4 5 3 2 0 
6 183
1 5 0 2 3 4 
6 208
1 5 0 2 4 3 
6 143
1 5 0 3 2 4 
6 126
1 5 0 3 4 2 
6 51
1 5 0 4 2 3 
6 138
1 5 0 4 3 2 
6 47
1 5 2 0 3 4 
6 96
1 5 2 0 4 3 
6 6
1 5 2 3 0 4 
6 165
1 5 2 3 4 0 
6 157
1 5 2 4 0 3 
6 128
1 5 2 4 3 0 
6 64
1 5 3 0 2 4 
6 177
1 5 3 0 4 2 
6 176
1 5 3 2 0 4 
6 112
1 5 3 2 4 0 
6 48
1 5 3 4 0 2 
6 41
1 5 3 4 2 0 
6 177
1 5 4 0 2 3 
6 59
1 5 4 0 3 2 
6 26
1 5 4 2 0 3 
6 104
1 5 4 2 3 0 
6 165
1 5 4 3 0 2 
6 80
1 5 4 3 2 0 
6 42
2 0 1 3 4 5 
6 153
2 0 1 3 5 4 
6 137
2 0 1 4 3 5 
6 194
2 0 1 4 5 3 
6 148
2 0 1 5 3 4 
6 118
2 0 1 5 4 3 
6 74
2 0 3 1 4 5 
6 105
2 0 3 1 5 4 
6 100
2 0 3 4 1 5 
6 217
2 0 3 4 5 1 
6 5
2 0 3 5 1 4 
6 143
2 0 3 5 4 1 
6 122
2 0 4 1 3 5 
6 44
2 0 4 1 5 3 
6 13
2 0 4 3 1 5 
6 128
2 0 4 3 5 1 
6 202
2 0 4 5 1 3 
6 170
2 0 4 5 3 1 
6 22
2 0 5 1 3 4 
6 40
2 0 5 1 4 3 
6 113
2 0 5 3 1 4 
6 198
2 0 5 3 4 1 
6 144
2 0 5 4 1 3 
6 154
2 0 5 4 3 1 
6 6
2 1 0 3 4 5 
6 96
2 1 0 3 5 4 
6 213
2 1 0 4 3 5 
6 32
2 1 0 4 5 3 
6 192
2 1 0 5 3 4 
6 144
2 1 0 5 4 3 
6 104
2 1 3 0 4 5 
6 8
2 1 3 0 5 4 
6 71
2 1 3 4 0 5 
6 15
2 1 3 4 5 0 
6 194
2 1 3 5 0 4 
6 220
2 1 3 5 4 0 
6 125
2 1 4 0 3 5 
6 43
2 1 4 0 5 3 
6 91
2 1 4 3 0 5 
6 225
2 1 4 3 5 0 
6 26
2 1 4 5 0 3 
6 97
2 1 4 5 3 0 
6 134
2 1 5 0 3 4 
6 148
2 1 5 0 4 3 
6 133
2 1 5 3 0 4 
6 147
2 1 5 3 4 0 
6 51
2 1 5 4 0 3 
6 109
2 1 5 4 3 0 
6 84
2 3 0 1 4 5 
6 65
2 3 0 1 5 4 
6 141
2 3 0 4 1 5 
6 189
2 3 0 4 5 1 
6 38
2 3 0 5 1 4 
6 60
2 3 0 5 4 1 
6 117
2 3 1 0 4 5 
6 44
2 3 1 0 5 4 
6 148
2 3 1 4 0 5 
6 96
2 3 1 4 5 0 
6 68
2 3 1 5 0 4 
6 114
2 3 1 5 4 0 
6 14
2 3 4 0 1 5 
6 172
2 3 4 0 5 1 
6 122
2 3 4 1 0 5 
6 78
2 3 4 1 5 0 
6 179
2 3 4 5 0 1 
6 83
2 3 4 5 1 0 
6 64
2 3 5 0 1 4 
6 79
2 3 5 0 4 1 
6 126
2 3 5 1 0 4 
6 155
2 3 5 1 4 0 
6 70
2 3 5 4 0 1 
6 152
2 3 5 4 1 0 
6 18
2 4 0 1 3 5 
6 197
2 4 0 1 5 3 
6 75
2 4 0 3 1 5 
6 152
2 4 0 3 5 1 
6 110
2 4 0 5 1 3 
6 118
2 4 0 5 3 1 
6 27
2 4 1 0 3 5 
6 194
2 4 1 0 5 3 
6 183
2 4 1 3 0 5 
6 161
2 4 1 3 5 0 
6 150
2 4 1 5 0 3 
6 213
2 4 1 5 3 0 
6 213
2 4 3 0 1 5 
6 33
2 4 3 0 5 1 
6 23
2 4 3 1 0 5 
6 135
2 4 3 1 5 0 
6 130
2 4 3 5 0 1 
6 91
2 4 3 5 1 0 
6 23
2 4 5 0 1 3 
6 136
2 4 5 0 3 1 
6 29
2 4 5 1 0 3 
6 137
2 4 5 1 3 0 
6 206
2 4 5 3 0 1 
6 201
2 4 5 3 1 0 
6 220
2 5 0 1 3 4 
6 44
2 5 0 1 4 3 
6 46
2 5 0 3 1 4 
6 112
2 5 0 3 4 1 
6 192
2 5 0 4 1 3 
6 108
2 5 0 4 3 1 
6 39
2 5 1 0 3 4 
6 210
2 5 1 0 4 3 
6 79
2 5 1 3 0 4 
6 106
2 5 1 3 4 0 
6 128
2 5 1 4 0 3 
6 190
2 5 1 4 3 0 
6 224
2 5 3 0 1 4 
6 156
2 5 3 0 4 1 
6 150
2 5 3 1 0 4 
6 173
2 5 3 1 4 0 
6 91
2 5 3 4 0 1 
6 74
2 5 3 4 1 0 
6 153
2 5 4 0 1 3 
6 78
2 5 4 0 3 1 
6 108
2 5 4 1 0 3 
6 176
2 5 4 1 3 0 
6 205
2 5 4 3 0 1 
6 4
2 5 4 3 1 0 
6 34
3 0 1 2 4 5 
6 2
3 0 1 2 5 4 
6 132
3 0 1 4 2 5 
6 55
3 0 1 4 5 2 
6 131
3 0 1 5 2 4 
6 113
3 0 1 5 4 2 
6 30
3 0 2 1 4 5 
6 126
3 0 2 1 5 4 
6 149
3 0 2 4 1 5 
6 76
3 0 2 4 5 1 
6 4
3 0 2 5 1 4 
6 115
3 0 2 5 4 1 
6 177
3 0 4 1 2 5 
6 43
3 0 4 1 5 2 
6 100
3 0 4 2 1 5 
6 30
3 0 4 2 5 1 
6 141
3 0 4 5 1 2 
6 2
3 0 4 5 2 1 
6 220
3 0 5 1 2 4 
6 131
3 0 5 1 4 2 
6 150
3 0 5 2 1 4 
6 145
3 0 5 2 4 1 
6 79
3 0 5 4 1 2 
6 7
3 0 5 4 2 1 
6 211
3 1 0 2 4 5 
6 6
3 1 0 2 5 4 
6 77
3 1 0 4 2 5 
6 85
3 1 0 4 5 2 
6 174
3 1 0 5 2 4 
6 56
3 1 0 5 4 2 
6 89
3 1 2 0 4 5 
6 208
3 1 2 0 5 4 
6 50
3 1 2 4 0 5 
6 214
3 1 2 4 5 0 
6 30
3 1 2 5 0 4 
6 182
3 1 2 5 4 0 
6 101
3 1 4 0 2 5 
6 60
3 1 4 0 5 2 
6 74
3 1 4 2 0 5 
6 16
3 1 4 2 5 0 
6 129
3 1 4 5 0 2 
6 78
3 1 4 5 2 0 
6 132
3 1 5 0 2 4 
6 80
3 1 5 0 4 2 
6 114
3 1 5 2 0 4 
6 224
3 1 5 2 4 0 
6 110
3 1 5 4 0 2 
6 29
3 1 5 4 2 0 
6 218
3 2 0 1 4 5 
6 97
3 2 0 1 5 4 
6 161
3 2 0 4 1 5 
6 143
3 2 0 4 5 1 
6 8
3 2 0 5 1 4 
6 6
3 2 0 5 4 1 
6 150
3 2 1 0 4 5 
6 211
3 2 1 0 5 4 
6 4
3 2 1 4 0 5 
6 2
3 2 1 4 5 0 
6 71
3 2 1 5 0 4 
6 178
3 2 1 5 4 0 
6 50
3 2 4 0 1 5 
6 160
3 2 4 0 5 1 
6 153
3 2 4 1 0 5 
6 101
3 2 4 1 5 0 
6 148
3 2 4 5 0 1 
6 183
3 2 4 5 1 0 
6 57
3 2 5 0 1 4 
6 15
3 2 5 0 4 1 
6 9
3 2 5 1 0 4 
6 123
3 2 5 1 4 0 
6 32
3 2 5 4 0 1 
6 138
3 2 5 4 1 0 
6 201
3 4 0 1 2 5 
6 156
3 4 0 1 5 2 
6 210
3 4 0 2 1 5 
6 81
3 4 0 2 5 1 
6 154
3 4 0 5 1 2 
6 87
3 4 0 5 2 1 
6 111
3 4 1 0 2 5 
6 146
3 4 1 0 5 2 
6 184
3 4 1 2 0 5 
6 38
3 4 1 2 5 0 
6 55
3 4 1 5 0 2 
6 184
3 4 1 5 2 0 
6 44
3 4 2 0 1 5 
6 198
3 4 2 0 5 1 
6 169
3 4 2 1 0 5 
6 48
3 4 2 1 5 0 
6 192
3 4 2 5 0 1 
6 14
3 4 2 5 1 0 
6 218
3 4 5 0 1 2 
6 16
3 4 5 0 2 1 
6 167
3 4 5 1 0 2 
6 145
3 4 5 1 2 0 
6 117
3 4 5 2 0 1 
6 81
3 4 5 2 1 0 
6 102
3 5 0 1 2 4 
6 166
3 5 0 1 4 2 
6 97
3 5 0 2 1 4 
6 112
3 5 0 2 4 1 
6 63
3 5 0 4 1 2 
6 121
3 5 0 4 2 1 
6 16
3 5 1 0 2 4 
6 31
3 5 1 0 4 2 
6 43
3 5 1 2 0 4 
6 1
3 5 1 2 4 0 
6 112
3 5 1 4 0 2 
6 197
3 5 1 4 2 0 
6 88
3 5 2 0 1 4 
6 215
3 5 2 0 4 1 
6 109
3 5 2 1 0 4 
6 38
3 5 2 1 4 0 
6 27
3 5 2 4 0 1 
6 165
3 5 2 4 1 0 
6 222
3 5 4 0 1 2 
6 63
3 5 4 0 2 1 
6 129
3 5 4 1 0 2 
6 157
3 5 4 1 2 0 
6 111
3 5 4 2 0 1 
6 95
3 5 4 2 1 0 
6 172
4 0 1 2 3 5 
6 104
4 0 1 2 5 3 
6 111
4 0 1 3 2 5 
6 105
4 0 1 3 5 2 
6 15
4 0 1 5 2 3 
6 221
4 0 1 5 3 2 
6 186
4 0 2 1 3 5 
6 118
4 0 2 1 5 3 
6 161
4 0 2 3 1 5 
6 49
4 0 2 3 5 1 
6 222
4 0 2 5 1 3 
6 217
4 0 2 5 3 1 
6 170
4 0 3 1 2 5 
6 12
4 0 3 1 5 2 
6 14
4 0 3 2 1 5 
6 213
4 0 3 2 5 1 
6 5
4 0 3 5 1 2 
6 118
4 0 3 5 2 1 
6 176
4 0 5 1 2 3 
6 93
4 0 5 1 3 2 
6 108
4 0 5 2 1 3 
6 60
4 0 5 2 3 1 
6 123
4 0 5 3 1 2 
6 127
4 0 5 3 2 1 
6 217
4 1 0 2 3 5 
6 119
4 1 0 2 5 3 
6 191
4 1 0 3 2 5 
6 120
4 1 0 3 5 2 
6 51
4 1 0 5 2 3 
6 68
4 1 0 5 3 2 
6 215
4 1 2 0 3 5 
6 215
4 1 2 0 5 3 
6 172
4 1 2 3 0 5 
6 92
4 1 2 3 5 0 
6 94
4 1 2 5 0 3 
6 188
4 1 2 5 3 0 
6 87
4 1 3 0 2 5 
6 54
4 1 3 0 5 2 
6 72
4 1 3 2 0 5 
6 15
4 1 3 2 5 0 
6 104
4 1 3 5 0 2 
6 68
4 1 3 5 2 0 
6 224
4 1 5 0 2 3 
6 40
4 1 5 0 3 2 
6 72
4 1 5 2 0 3 
6 12
4 1 5 2 3 0 
6 20
4 1 5 3 0 2 
6 78
4 1 5 3 2 0 
6 130
4 2 0 1 3 5 
6 188
4 2 0 1 5 3 
6 163
4 2 0 3 1 5 
6 4
4 2 0 3 5 1 
6 14
4 2 0 5 1 3 
6 61
4 2 0 5 3 1 
6 132
4 2 1 0 3 5 
6 5
4 2 1 0 5 3 
6 172
4 2 1 3 0 5 
6 89
4 2 1 3 5 0 
6 117
4 2 1 5 0 3 
6 215
4 2 1 5 3 0 
6 157
4 2 3 0 1 5 
6 98
4 2 3 0 5 1 
6 196
4 2 3 1 0 5 
6 96
4 2 3 1 5 0 
6 183
4 2 3 5 0 1 
6 64
4 2 3 5 1 0 
6 50
4 2 5 0 1 3 
6 44
4 2 5 0 3 1 
6 111
4 2 5 1 0 3 
6 114
4 2 5 1 3 0 
6 51
4 2 5 3 0 1 
6 207
4 2 5 3 1 0 
6 174
4 3 0 1 2 5 
6 49
4 3 0 1 5 2 
6 13
4 3 0 2 1 5 
6 20
4 3 0 2 5 1 
6 53
4 3 0 5 1 2 
6 25
4 3 0 5 2 1 
6 90
4 3 1 0 2 5 
6 176
4 3 1 0 5 2 
6 214
4 3 1 2 0 5 
6 20
4 3 1 2 5 0 
6 180
4 3 1 5 0 2 
6 2
4 3 1 5 2 0 
6 81
4 3 2 0 1 5 
6 78
4 3 2 0 5 1 
6 0
4 3 2 1 0 5 
6 19
4 3 2 1 5 0 
6 167
4 3 2 5 0 1 
6 109
4 3 2 5 1 0 
6 1
4 3 5 0 1 2 
6 91
4 3 5 0 2 1 
6 208
4 3 5 1 0 2 
6 197
4 3 5 1 2 0 
6 179
4 3 5 2 0 1 
6 165
4 3 5 2 1 0 
6 36
4 5 0 1 2 3 
6 3
4 5 0 1 3 2 
6 201
4 5 0 2 1 3 
6 139
4 5 0 2 3 1 
6 117
4 5 0 3 1 2 
6 27
4 5 0 3 2 1 
6 120
4 5 1 0 2 3 
6 65
4 5 1 0 3 2 
6 68
4 5 1 2 0 3 
6 125
4 5 1 2 3 0 
6 77
4 5 1 3 0 2 
6 114
4 5 1 3 2 0 
6 151
4 5 2 0 1 3 
6 168
4 5 2 0 3 1 
6 64
4 5 2 1 0 3 
6 139
4 5 2 1 3 0 
6 188
4 5 2 3 0 1 
6 10
4 5 2 3 1 0 
6 133
4 5 3 0 1 2 
6 35
4 5 3 0 2 1 
6 89
4 5 3 1 0 2 
6 133
4 5 3 1 2 0 
6 46
4 5 3 2 0 1 
6 22
4 5 3 2 1 0 
6 17
5 0 1 2 3 4 
6 47
5 0 1 2 4 3 
6 105
5 0 1 3 2 4 
6 217
5 0 1 3 4 2 
6 19
5 0 1 4 2 3 
6 58
5 0 1 4 3 2 
6 148
5 0 2 1 3 4 
6 47
5 0 2 1 4 3 
6 53
5 0 2 3 1 4 
6 123
5 0 2 3 4 1 
6 186
5 0 2 4 1 3 
6 162
5 0 2 4 3 1 
6 142
5 0 3 1 2 4 
6 72
5 0 3 1 4 2 
6 219
5 0 3 2 1 4 
6 203
5 0 3 2 4 1 
6 189
5 0 3 4 1 2 
6 71
5 0 3 4 2 1 
6 91
5 0 4 1 2 3 
6 114
5 0 4 1 3 2 
6 5
5 0 4 2 1 3 
6 147
5 0 4 2 3 1 
6 19
5 0 4 3 1 2 
6 185
5 0 4 3 2 1 
6 157
5 1 0 2 3 4 
6 145
5 1 0 2 4 3 
6 212
5 1 0 3 2 4 
6 12
5 1 0 3 4 2 
6 52
5 1 0 4 2 3 
6 32
5 1 0 4 3 2 
6 35
5 1 2 0 3 4 
6 61
5 1 2 0 4 3 
6 80
5 1 2 3 0 4 
6 132
5 1 2 3 4 0 
6 44
5 1 2 4 0 3 
6 91
5 1 2 4 3 0 
6 191
5 1 3 0 2 4 
6 192
5 1 3 0 4 2 
6 138
5 1 3 2 0 4 
6 10
5 1 3 2 4 0 
6 82
5 1 3 4 0 2 
6 90
5 1 3 4 2 0 
6 173
5 1 4 0 2 3 
6 224
5 1 4 0 3 2 
6 154
5 1 4 2 0 3 
6 166
5 1 4 2 3 0 
6 193
5 1 4 3 0 2 
6 117
5 1 4 3 2 0 
6 3
5 2 0 1 3 4 
6 58
5 2 0 1 4 3 
6 224
5 2 0 3 1 4 
6 8
5 2 0 3 4 1 
6 205
5 2 0 4 1 3 
6 9
5 2 0 4 3 1 
6 185
5 2 1 0 3 4 
6 129
5 2 1 0 4 3 
6 154
5 2 1 3 0 4 
6 171
5 2 1 3 4 0 
6 141
5 2 1 4 0 3 
6 199
5 2 1 4 3 0 
6 196
5 2 3 0 1 4 
6 176
5 2 3 0 4 1 
6 26
5 2 3 1 0 4 
6 42
5 2 3 1 4 0 
6 75
5 2 3 4 0 1 
6 71
5 2 3 4 1 0 
6 133
5 2 4 0 1 3 
6 40
5 2 4 0 3 1 
6 29
5 2 4 1 0 3 
6 37
5 2 4 1 3 0 
6 42
5 2 4 3 0 1 
6 111
5 2 4 3 1 0 
6 119
5 3 0 1 2 4 
6 215
5 3 0 1 4 2 
6 102
5 3 0 2 1 4 
6 39
5 3 0 2 4 1 
6 156
5 3 0 4 1 2 
6 69
5 3 0 4 2 1 
6 148
5 3 1 0 2 4 
6 151
5 3 1 0 4 2 
6 120
5 3 1 2 0 4 
6 146
5 3 1 2 4 0 
6 160
5 3 1 4 0 2 
6 91
5 3 1 4 2 0 
6 156
5 3 2 0 1 4 
6 111
5 3 2 0 4 1 
6 220
5 3 2 1 0 4 
6 76
5 3 2 1 4 0 
6 57
5 3 2 4 0 1 
6 136
5 3 2 4 1 0 
6 49
5 3 4 0 1 2 
6 27
5 3 4 0 2 1 
6 78
5 3 4 1 0 2 
6 76
5 3 4 1 2 0 
6 61
5 3 4 2 0 1 
6 153
5 3 4 2 1 0 
6 147
5 4 0 1 2 3 
6 194
5 4 0 1 3 2 
6 185
5 4 0 2 1 3 
6 176
5 4 0 2 3 1 
6 223
5 4 0 3 1 2 
6 2
5 4 0 3 2 1 
6 54
5 4 1 0 2 3 
6 116
5 4 1 0 3 2 
6 209
5 4 1 2 0 3 
6 156
5 4 1 2 3 0 
6 147
5 4 1 3 0 2 
6 131
5 4 1 3 2 0 
6 217
5 4 2 0 1 3 
6 69
5 4 2 0 3 1 
6 57
5 4 2 1 0 3 
6 111
5 4 2 1 3 0 
6 208
5 4 2 3 0 1 
6 217
5 4 2 3 1 0 
6 203
5 4 3 0 1 2 
6 130
5 4 3 0 2 1 
6 102
5 4 3 1 0 2 
6 189
5 4 3 1 2 0 
6 206
5 4 3 2 0 1 
6 151
5 4 3 2 1 0 
