120
5 166
0 1 2 3 4 
5 190
0 1 2 4 3 
5 70
0 1 3 2 4 
5 26
0 1 3 4 2 
5 61
0 1 4 2 3 
5 179
0 1 4 3 2 
5 18
0 2 1 3 4 
5 184
0 2 1 4 3 
5 131
0 2 3 1 4 
5 19
0 2 3 4 1 
5 26
0 2 4 1 3 
5 199
0 2 4 3 1 
5 58
0 3 1 2 4 
5 134
0 3 1 4 2 
5 98
0 3 2 1 4 
5 204
0 3 2 4 1 
5 178
0 3 4 1 2 
5 132
0 3 4 2 1 
5 209
0 4 1 2 3 
5 83
0 4 1 3 2 
5 209
0 4 2 1 3 
5 208
0 4 2 3 1 
5 119
0 4 3 1 2 
5 129
0 4 3 2 1 
5 28
1 0 2 3 4 
5 70
1 0 2 4 3 
5 89
1 0 3 2 4 
5 135
1 0 3 4 2 
5 99
1 0 4 2 3 
5 135
1 0 4 3 2 
5 194
1 2 0 3 4 
5 40
1 2 0 4 3 
5 99
1 2 3 0 4 
5 38
1 2 3 4 0 
5 58
1 2 4 0 3 
5 161
1 2 4 3 0 
5 210
1 3 0 2 4 
5 76
1 3 0 4 2 
5 111
1 3 2 0 4 
5 115
1 3 2 4 0 
5 87
1 3 4 0 2 
5 138
1 3 4 2 0 
5 88
1 4 0 2 3 
5 145
1 4 0 3 2 
5 46
1 4 2 0 3 
5 178
1 4 2 3 0 
5 116
1 4 3 0 2 
5 216
1 4 3 2 0 
5 85
2 0 1 3 4 
5 99
2 0 1 4 3 
5 74
2 0 3 1 4 
5 60
2 0 3 4 1 
5 73
2 0 4 1 3 
5 185
2 0 4 3 1 
5 189
2 1 0 3 4 
5 93
2 1 0 4 3 
5 21
2 1 3 0 4 
5 45
2 1 3 4 0 
5 221
2 1 4 0 3 
5 120
2 1 4 3 0 
5 180
2 3 0 1 4 
5 189
2 3 0 4 1 
5 152
2 3 1 0 4 
5 53
2 3 1 4 0 
5 220
2 3 4 0 1 
5 211
2 3 4 1 0 
5 206
2 4 0 1 3 
5 204
2 4 0 3 1 
5 53
2 4 1 0 3 
5 92
2 4 1 3 0 
5 85
2 4 3 0 1 
5 141
2 4 3 1 0 
5 222
3 0 1 2 4 
5 165
3 0 1 4 2 
5 52
3 0 2 1 4 
5 34
3 0 2 4 1 
5 118
3 0 4 1 2 
5 168
3 0 4 2 1 
5 24
3 1 0 2 4 
5 195
3 1 0 4 2 
5 33
3 1 2 0 4 
5 90
3 1 2 4 0 
5 29
3 1 4 0 2 
5 99
3 1 4 2 0 
5 41
3 2 0 1 4 
5 210
3 2 0 4 1 
5 192
3 2 1 0 4 
5 54
3 2 1 4 0 
5 29
3 2 4 0 1 
5 179
3 2 4 1 0 
5 175
3 4 0 1 2 
5 201
3 4 0 2 1 
5 143
3 4 1 0 2 
5 93
3 4 1 2 0 
5 21
3 4 2 0 1 
5 129
3 4 2 1 0 
5 78
4 0 1 2 3 
5 1
4 0 1 3 2 
5 99
4 0 2 1 3 
5 124
4 0 2 3 1 
5 85
4 0 3 1 2 
5 184
4 0 3 2 1 
5 39
4 1 0 2 3 
5 81
4 1 0 3 2 
5 115
4 1 2 0 3 
5 83
4 1 2 3 0 
5 107
4 1 3 0 2 
5 7
4 1 3 2 0 
5 18
4 2 0 1 3 
5 132
4 2 0 3 1 
5 194
4 2 1 0 3 
5 51
4 2 1 3 0 
5 214
4 2 3 0 1 
5 223
4 2 3 1 0 
5 142
4 3 0 1 2 
5 22
4 3 0 2 1 
5 200
4 3 1 0 2 
5 101
4 3 1 2 0 
5 76
4 3 2 0 1 
5 221
4 3 2 1 0 
